100 100
854
17 2 17 3
62 25 61 25
47 47 47 48
7 98 6 98
100 46 100 47
86 87 86 88
20 50 20 51
6 2 6 3
37 56 37 57
1 85 0 85
66 63 66 64
19 65 19 66
74 7 74 8
12 31 11 31
43 53 42 53
29 89 29 90
4 98 3 98
69 34 68 34
73 28 73 29
59 26 59 27
36 55 35 55
66 58 65 58
36 62 35 62
80 18 80 19
38 43 38 44
25 21 24 21
92 97 91 97
30 27 30 28
96 69 95 69
42 53 41 53
10 55 10 56
53 36 52 36
86 60 86 61
43 36 42 36
29 8 28 8
27 29 26 29
44 98 44 99
28 50 27 50
27 60 27 61
2 30 1 30
43 71 43 72
96 2 95 2
20 6 20 7
59 25 58 25
26 26 25 26
78 70 78 71
14 29 13 29
47 57 46 57
20 28 19 28
34 1 34 2
37 1 37 2
33 25 33 26
31 97 31 98
92 29 92 30
74 90 73 90
91 0 90 0
4 67 3 67
77 20 77 21
83 30 82 30
87 2 87 3
93 61 92 61
49 55 49 56
79 14 79 15
63 20 62 20
1 12 0 12
60 63 60 64
70 81 69 81
66 16 65 16
50 28 49 28
77 38 76 38
51 24 50 24
32 78 32 79
44 30 44 31
91 48 91 49
84 54 83 54
55 5 54 5
85 41 85 42
14 23 13 23
40 82 39 82
91 23 90 23
41 39 40 39
29 15 29 16
25 67 24 67
28 88 27 88
66 46 66 47
33 24 32 24
24 14 23 14
3 63 2 63
19 54 18 54
98 41 98 42
32 33 31 33
94 12 94 13
28 32 27 32
29 95 28 95
17 45 17 46
46 59 46 60
100 17 100 18
66 59 65 59
12 64 11 64
45 96 45 97
29 10 29 11
79 60 78 60
75 21 74 21
80 57 80 58
43 27 42 27
63 7 62 7
39 84 39 85
48 28 47 28
100 36 99 36
10 21 9 21
64 88 63 88
7 6 6 6
18 94 17 94
62 67 61 67
69 1 68 1
47 58 46 58
7 55 7 56
71 63 70 63
3 48 2 48
80 26 80 27
48 91 47 91
76 30 76 31
24 75 23 75
94 13 94 14
9 10 9 11
4 53 3 53
7 41 7 42
1 73 0 73
72 79 72 80
8 51 8 52
82 63 82 64
43 84 42 84
91 21 91 22
1 52 1 53
4 12 4 13
85 15 85 16
65 39 64 39
53 18 53 19
30 20 29 20
8 89 7 89
8 22 7 22
82 3 81 3
33 97 32 97
33 84 33 85
97 22 96 22
17 87 17 88
35 12 34 12
44 57 43 57
68 79 68 80
99 96 99 97
76 3 76 4
32 78 31 78
11 34 10 34
76 38 76 39
14 62 14 63
74 33 73 33
95 51 94 51
25 14 24 14
13 52 13 53
68 86 67 86
53 70 52 70
68 80 68 81
87 13 87 14
46 63 46 64
74 9 74 10
51 87 51 88
29 5 28 5
98 45 97 45
9 15 9 16
57 89 57 90
77 89 77 90
1 54 1 55
32 24 31 24
16 26 16 27
55 30 54 30
83 4 82 4
46 61 46 62
57 83 56 83
45 33 45 34
28 77 28 78
75 72 74 72
15 99 14 99
89 52 88 52
29 54 28 54
32 47 31 47
48 44 48 45
2 70 1 70
9 49 8 49
7 2 6 2
69 68 68 68
22 71 21 71
68 70 67 70
12 12 12 13
89 91 89 92
51 54 51 55
54 86 53 86
85 11 84 11
32 35 32 36
56 83 56 84
96 82 96 83
42 49 42 50
28 47 27 47
37 52 36 52
54 53 53 53
24 66 24 67
21 84 20 84
86 70 85 70
87 87 86 87
25 35 25 36
4 80 3 80
7 42 7 43
57 53 56 53
54 52 54 53
2 31 1 31
44 17 44 18
35 65 35 66
69 25 69 26
89 31 88 31
19 24 18 24
60 49 60 50
92 71 92 72
73 87 72 87
43 59 42 59
83 25 83 26
60 77 59 77
25 33 25 34
100 37 99 37
75 86 75 87
29 39 29 40
50 9 49 9
7 17 7 18
18 22 17 22
74 21 73 21
58 98 57 98
3 58 2 58
59 39 58 39
71 99 70 99
19 31 19 32
84 49 83 49
61 89 61 90
80 76 79 76
22 62 21 62
13 13 12 13
82 82 82 83
77 60 77 61
89 55 89 56
64 8 64 9
39 52 38 52
42 18 41 18
73 83 73 84
44 30 43 30
34 68 34 69
36 31 35 31
50 20 49 20
93 65 93 66
12 93 12 94
9 39 9 40
36 9 36 10
53 36 53 37
95 56 94 56
45 22 45 23
34 88 33 88
85 53 84 53
48 56 48 57
17 68 16 68
91 63 90 63
87 25 87 26
64 43 64 44
92 48 91 48
12 30 12 31
37 87 36 87
88 77 87 77
19 29 19 30
58 19 58 20
92 23 91 23
12 89 12 90
66 51 65 51
26 85 25 85
42 84 42 85
8 47 8 48
50 64 50 65
76 80 75 80
52 49 52 50
25 69 24 69
11 54 10 54
89 95 88 95
13 58 12 58
79 83 79 84
91 60 91 61
42 74 42 75
97 84 96 84
61 47 60 47
60 91 59 91
14 94 14 95
19 59 18 59
63 47 63 48
48 18 47 18
37 81 36 81
50 80 49 80
13 51 13 52
86 52 85 52
93 24 93 25
65 67 64 67
88 74 88 75
98 62 98 63
72 46 71 46
33 46 33 47
60 23 60 24
71 27 71 28
41 42 41 43
91 15 91 16
13 44 12 44
74 77 74 78
76 67 76 68
14 35 13 35
49 31 49 32
89 1 89 2
79 15 79 16
59 96 58 96
93 48 93 49
83 24 83 25
63 22 63 23
40 70 40 71
18 45 17 45
13 51 12 51
93 27 93 28
90 26 89 26
98 16 97 16
85 79 84 79
69 20 68 20
25 43 24 43
15 67 15 68
32 13 32 14
37 17 36 17
33 3 33 4
38 97 37 97
74 57 74 58
12 27 11 27
20 19 19 19
22 22 22 23
14 48 14 49
77 2 76 2
21 16 21 17
36 14 35 14
95 5 94 5
81 59 80 59
99 55 98 55
91 70 91 71
28 25 28 26
87 99 87 100
46 10 45 10
90 70 89 70
20 56 20 57
96 97 96 98
50 31 50 32
1 80 1 81
77 45 77 46
98 71 98 72
87 49 86 49
46 39 46 40
57 11 56 11
47 6 47 7
68 71 67 71
68 63 68 64
5 31 5 32
16 63 16 64
41 43 41 44
6 85 5 85
61 53 60 53
32 59 31 59
88 89 87 89
58 87 58 88
75 73 74 73
59 33 58 33
98 46 97 46
94 61 93 61
38 31 38 32
16 14 15 14
94 65 94 66
57 11 57 12
21 67 20 67
94 6 93 6
29 70 28 70
17 20 17 21
96 12 95 12
58 93 57 93
81 24 81 25
4 31 4 32
4 0 3 0
5 76 4 76
53 22 52 22
8 2 8 3
41 20 41 21
27 0 26 0
46 74 45 74
1 17 0 17
89 73 89 74
9 67 9 68
62 78 62 79
88 89 88 90
71 72 71 73
8 5 7 5
80 24 79 24
75 2 74 2
55 93 55 94
13 16 12 16
64 77 64 78
30 18 29 18
88 4 88 5
92 55 91 55
58 1 58 2
58 86 57 86
26 49 25 49
89 73 88 73
62 92 62 93
24 60 24 61
18 60 17 60
63 82 62 82
71 24 71 25
55 14 54 14
41 64 40 64
87 55 87 56
67 48 67 49
14 56 13 56
81 53 80 53
12 15 12 16
7 68 6 68
97 68 96 68
3 94 3 95
17 91 16 91
15 21 14 21
8 58 8 59
46 91 46 92
98 27 97 27
69 5 69 6
77 61 76 61
46 62 45 62
47 35 47 36
11 84 10 84
72 73 72 74
100 1 100 2
33 56 33 57
79 85 78 85
83 54 82 54
37 69 36 69
88 72 88 73
26 24 25 24
38 96 38 97
88 78 87 78
46 69 45 69
85 66 84 66
37 53 37 54
24 87 24 88
72 68 72 69
17 30 16 30
60 85 59 85
18 32 18 33
22 87 21 87
23 39 23 40
62 49 62 50
76 75 75 75
100 77 99 77
57 60 56 60
100 84 99 84
84 17 84 18
49 77 49 78
30 93 30 94
48 99 47 99
60 6 59 6
10 44 9 44
84 53 83 53
83 8 83 9
13 1 12 1
93 5 93 6
45 31 44 31
32 43 32 44
12 5 12 6
30 54 29 54
14 87 14 88
90 64 90 65
41 71 41 72
53 38 53 39
94 90 93 90
89 23 88 23
82 31 82 32
57 66 56 66
7 30 7 31
79 37 79 38
34 42 33 42
10 7 10 8
91 8 91 9
3 59 2 59
78 46 78 47
94 62 94 63
31 54 30 54
64 53 63 53
39 28 39 29
95 57 95 58
48 39 47 39
16 30 15 30
48 73 47 73
52 16 52 17
96 45 96 46
4 65 4 66
80 50 79 50
61 14 60 14
60 27 59 27
19 51 18 51
82 11 81 11
56 68 56 69
20 22 20 23
98 43 98 44
27 26 27 27
65 18 65 19
97 54 97 55
43 97 43 98
85 43 85 44
7 15 6 15
61 32 61 33
94 20 94 21
38 35 37 35
74 15 74 16
84 1 84 2
58 90 58 91
5 26 4 26
13 26 12 26
67 65 67 66
7 50 7 51
67 98 67 99
91 12 90 12
69 80 69 81
3 44 3 45
68 19 68 20
85 0 84 0
96 78 95 78
73 37 72 37
72 19 72 20
57 43 56 43
56 10 56 11
82 41 81 41
77 22 77 23
82 90 81 90
94 16 94 17
72 16 71 16
47 81 46 81
43 10 43 11
56 15 55 15
17 90 17 91
36 22 35 22
94 41 94 42
34 11 33 11
75 58 74 58
8 93 7 93
51 56 51 57
73 73 72 73
9 4 9 5
34 25 34 26
65 8 65 9
2 2 2 3
93 60 92 60
91 40 91 41
77 18 77 19
70 44 69 44
57 99 57 100
16 80 16 81
49 46 49 47
90 46 90 47
54 43 53 43
81 37 80 37
70 99 70 100
6 87 5 87
72 22 72 23
7 83 6 83
22 90 22 91
37 76 36 76
44 33 43 33
90 91 89 91
73 94 72 94
32 72 32 73
15 87 14 87
4 72 4 73
55 10 55 11
30 74 29 74
68 5 67 5
43 56 43 57
62 97 62 98
7 87 6 87
69 46 68 46
6 58 6 59
45 10 44 10
86 7 86 8
36 45 35 45
11 80 11 81
97 53 96 53
40 47 40 48
13 18 12 18
50 77 50 78
65 84 64 84
30 2 30 3
51 84 51 85
80 98 79 98
91 83 90 83
91 84 90 84
53 81 53 82
33 96 33 97
38 80 37 80
40 42 39 42
98 15 97 15
12 2 12 3
9 5 8 5
9 91 8 91
22 72 22 73
28 74 27 74
69 95 68 95
99 1 99 2
78 80 78 81
19 7 19 8
59 90 59 91
94 18 93 18
15 33 15 34
94 82 94 83
18 71 17 71
40 97 40 98
33 25 32 25
3 72 3 73
91 19 91 20
29 63 28 63
16 57 16 58
39 53 39 54
50 36 49 36
3 5 2 5
3 14 3 15
98 16 98 17
54 70 53 70
82 20 82 21
19 21 19 22
11 37 10 37
21 39 21 40
29 87 29 88
74 73 73 73
64 45 63 45
19 88 19 89
91 36 90 36
38 29 38 30
40 1 39 1
71 23 70 23
33 1 32 1
33 17 32 17
38 19 37 19
68 10 67 10
14 77 13 77
37 33 37 34
31 23 31 24
67 66 66 66
37 99 37 100
3 81 3 82
83 3 82 3
8 59 7 59
100 98 99 98
38 1 37 1
59 14 58 14
96 54 95 54
39 89 38 89
77 93 77 94
26 59 26 60
44 75 44 76
20 83 19 83
45 68 44 68
42 86 41 86
5 14 4 14
67 92 67 93
41 11 40 11
45 74 44 74
51 17 51 18
99 38 99 39
71 84 70 84
82 92 82 93
64 78 63 78
68 61 67 61
87 12 87 13
45 80 44 80
8 16 7 16
72 26 71 26
31 4 31 5
61 17 61 18
89 32 88 32
47 12 46 12
93 6 92 6
64 30 64 31
6 2 5 2
81 55 81 56
64 74 63 74
41 75 40 75
2 44 1 44
54 99 53 99
98 38 97 38
33 31 32 31
35 70 34 70
52 22 51 22
84 88 84 89
97 44 97 45
67 68 67 69
65 1 65 2
11 75 11 76
36 71 36 72
37 41 37 42
82 49 81 49
82 1 82 2
45 41 44 41
38 74 37 74
76 68 75 68
1 46 0 46
48 58 48 59
78 95 78 96
38 75 37 75
53 79 52 79
42 50 41 50
26 87 25 87
76 1 76 2
83 72 82 72
48 51 47 51
51 23 50 23
41 51 41 52
26 11 25 11
86 92 86 93
100 34 99 34
31 69 31 70
54 6 53 6
53 19 52 19
100 44 100 45
84 51 83 51
35 1 35 2
63 10 63 11
42 96 42 97
34 40 34 41
25 89 24 89
53 51 53 52
100 12 99 12
25 7 24 7
1 27 0 27
55 88 54 88
4 87 4 88
38 68 38 69
75 70 75 71
2 72 1 72
49 63 49 64
56 50 55 50
3 48 3 49
10 74 9 74
10 42 10 43
77 0 76 0
96 27 96 28
25 27 24 27
67 38 66 38
45 23 45 24
83 3 83 4
51 50 50 50
82 76 81 76
20 21 20 22
8 57 7 57
2 65 2 66
56 56 56 57
50 60 50 61
15 58 14 58
79 95 78 95
82 27 81 27
17 85 16 85
88 93 87 93
67 79 67 80
34 87 34 88
26 70 26 71
73 9 73 10
9 34 8 34
43 6 42 6
69 89 68 89
66 69 66 70
60 56 60 57
34 48 34 49
27 72 26 72
84 25 83 25
66 91 66 92
57 1 56 1
64 73 64 74
25 23 25 24
80 60 80 61
27 82 27 83
35 17 35 18
93 72 93 73
74 53 73 53
20 12 19 12
3 29 3 30
36 64 36 65
35 58 34 58
49 72 49 73
60 11 60 12
59 8 58 8
94 71 94 72
9 3 8 3
40 10 40 11
23 49 23 50
39 6 39 7
2 34 2 35
14 18 14 19
34 11 34 12
41 66 40 66
79 88 78 88
46 20 46 21
20 99 19 99
48 59 47 59
59 16 59 17
40 71 39 71
31 83 31 84
28 34 28 35
55 91 54 91
19 50 18 50
63 52 62 52
55 18 55 19
59 79 59 80
14 21 14 22
8 39 7 39
5 96 5 97
26 5 26 6
38 43 37 43
33 70 32 70
31 62 31 63
35 10 34 10
96 43 95 43
88 99 87 99
49 78 49 79
14 72 14 73
60 64 59 64
94 5 94 6
21 10 21 11
22 25 21 25
30 25 29 25
20 42 19 42
63 90 63 91
44 39 44 40
25 37 25 38
76 13 76 14
82 26 82 27
97 34 96 34
69 4 68 4
84 49 84 50
54 12 53 12
80 53 80 54
76 90 76 91
33 64 33 65
60 9 60 10
25 30 24 30
77 5 76 5
92 34 92 35
98 5 98 6
28 15 27 15
